0.982529474812433
1.0,5,49
0.9852827265685515,143,1291
1.0,83,751
1.0,23,211
0.9731543624161074,50,447
0.9925595238095238,75,672
1.0,3,23
1.0,49,440
0.8888888888888888,2,18
0.9678530424799081,97,871
0.9869428185502026,247,2221
0.891500904159132,61,553
0.9947643979057592,21,191
0.9982832618025751,129,1165
0.9970760233918129,38,342
0.9529411764705882,10,85
=========================================================
0.9889603429796355
0.9387755102040817,5,49
0.9899302865995352,143,1291
0.9920106524633822,83,751
0.985781990521327,23,211
0.970917225950783,50,447
0.9970238095238095,75,672
0.9130434782608695,3,23
0.9886363636363636,49,440
1.0,2,18
0.9850746268656716,97,871
0.9891940567312022,247,2221
0.9819168173598554,61,553
1.0,21,191
1.0,129,1165
0.9941520467836257,38,342
0.9176470588235294,10,85
=========================================================
0.9836012861736334
0.9795918367346939,5,49
0.9767621998450813,143,1291
0.9853528628495339,83,751
0.981042654028436,23,211
0.9932885906040269,50,447
0.9910714285714286,75,672
0.9565217391304348,3,23
1.0,49,440
0.4444444444444444,2,18
0.9609644087256027,97,871
0.9941467807294012,247,2221
0.9421338155515371,61,553
0.9947643979057592,21,191
0.9965665236051502,129,1165
0.9941520467836257,38,342
0.9882352941176471,10,85
=========================================================
0.9851018220793141
0.8979591836734694,5,49
0.9899302865995352,143,1291
0.996005326231691,83,751
0.9478672985781991,23,211
0.9440715883668904,50,447
0.9895833333333334,75,672
0.9130434782608695,3,23
1.0,49,440
0.8333333333333334,2,18
0.9598163030998852,97,871
0.9963980189104007,247,2221
0.9566003616636528,61,553
0.9895287958115183,21,191
1.0,129,1165
1.0,38,342
0.9882352941176471,10,85
=========================================================
0.9808145766345123
0.7755102040816326,5,49
0.981409759876065,143,1291
0.9680426098535286,83,751
1.0,23,211
0.9261744966442953,50,447
0.9970238095238095,75,672
1.0,3,23
1.0,49,440
0.6666666666666666,2,18
0.9758897818599311,97,871
0.9927960378208014,247,2221
0.9656419529837251,61,553
0.9842931937172775,21,191
0.9939914163090129,129,1165
0.9766081871345029,38,342
0.9411764705882353,10,85
=========================================================
0.9879957127545552
0.8367346938775511,5,49
0.9821843532145623,143,1291
0.9946737683089214,83,751
0.985781990521327,23,211
0.9843400447427293,50,447
0.9940476190476191,75,672
1.0,3,23
1.0,49,440
0.8888888888888888,2,18
0.9724454649827784,97,871
0.9977487618190004,247,2221
0.976491862567812,61,553
0.9528795811518325,21,191
0.9991416309012876,129,1165
0.97953216374269,38,342
0.9764705882352941,10,85
=========================================================
0.9872454448017149
0.9183673469387755,5,49
0.9860573199070488,143,1291
0.9893475366178429,83,751
0.990521327014218,23,211
0.9910514541387024,50,447
1.0,75,672
1.0,3,23
1.0,49,440
0.6666666666666666,2,18
0.9770378874856487,97,871
0.9828905898244035,247,2221
0.9783001808318263,61,553
1.0,21,191
0.9991416309012876,129,1165
0.9883040935672515,38,342
0.9764705882352941,10,85
=========================================================
0.984994640943194
0.8979591836734694,5,49
0.9860573199070488,143,1291
0.9920106524633822,83,751
1.0,23,211
0.9753914988814317,50,447
0.9970238095238095,75,672
0.5217391304347826,3,23
1.0,49,440
1.0,2,18
0.9850746268656716,97,871
0.9860423232778028,247,2221
0.9620253164556962,61,553
0.9947643979057592,21,191
1.0,129,1165
0.9766081871345029,38,342
0.8470588235294118,10,85
=========================================================
0.9920685959271168
0.9387755102040817,5,49
0.9860573199070488,143,1291
1.0,83,751
0.981042654028436,23,211
0.9977628635346756,50,447
0.9955357142857143,75,672
0.8260869565217391,3,23
0.9977272727272727,49,440
0.8333333333333334,2,18
0.9896670493685419,97,871
0.9941467807294012,247,2221
0.9855334538878843,61,553
0.9895287958115183,21,191
1.0,129,1165
0.9912280701754386,38,342
0.9764705882352941,10,85
=========================================================
0.9845659163987138
0.9591836734693877,5,49
0.975987606506584,143,1291
0.9773635153129161,83,751
0.995260663507109,23,211
0.9686800894854586,50,447
0.9925595238095238,75,672
0.8260869565217391,3,23
0.9954545454545455,49,440
0.7222222222222222,2,18
1.0,97,871
0.9864925709140027,247,2221
0.9891500904159132,61,553
0.9790575916230366,21,191
1.0,129,1165
0.9736842105263158,38,342
0.8352941176470589,10,85
=========================================================
